FORMAT=1
FILE_SIZE=789, 812 
WINDOW_SIZE=0,788, 0, 811 
C_FLAG=1, 670, 370, 32, 32
R_FLAG=2,0.1
I_FLAG=2, par.txt
SET=215500, 339.099991, 26.112200, asc.txt
SET=114852, -163.561597, 26.151000, dsc.txt
